/**:
  ros__parameters:
    deadzones: [0.14, 0.13, -0.14, -0.14]
    f_linear_coefs: [-28.195091639555912,30.452600977976807]
    f_angular_coefs: [6.767827089924648,-6.816314023137266]
