/**:
  ros__parameters:
    deadzones: [0.09,0.08,-0.09,-0.09]
    f_linear_coefs: [-11.215166185727847,14.213871321625223]
    f_angular_coefs: [-9.738537518571414,13.08770214719392]
