/**:
  ros__parameters:
    id: 1
    deadzones: [0.100,0.090,-0.110,-0.140]
    f_coefs: [35.85760339557938, 36.162967632872]
